{'result': {'width': 640, 'height': 480, 

'faces': [{'facial_attributes': {'gender': {'male': 1.4886657481838483e-05, 'female': 0.9999850988388062}, 'age': 26.18401527404785}, 

'facial_points': {'jaw': [[0.40890280065097045, 0.4878421207803422], [0.41107891403213703, 0.5292995361812716], [0.4155936835564248, 0.5706851866285814], [0.421974719321903, 0.6114857821978286], [0.43323304883740776, 0.6498734217024186], [0.45136329654578394, 0.6830077027638194], [0.4755253509802566, 0.7089765951709646], [0.5033097685962968, 0.7268470783229714], [0.5344521673619227, 0.7311155594613351], [0.5656238426851473, 0.7239754895284387], [0.5930698653027037, 0.7030763995973667], [0.6163098367667681, 0.6746401796953464], [0.6327574039681896, 0.6391325876100322], [0.6416575060546916, 0.5995835065345835], [0.6456155994821847, 0.5584418797907288], [0.6477159102976111, 0.5168426109667432], [0.6477731488968016, 0.47536970713807486]], 

'right_eyebrow': [[0.4274239668452554, 0.43995341676240296], [0.44110682111883026, 0.4198307342805095], [0.46099382659764154, 0.41133732725337424], [0.48248185542055866, 0.4126197709752592], [0.5028070376645656, 0.4216817204637991]], 
'left_eyebrow': [[0.5468824021862144, 0.4191939703434181], [0.5671259486996985, 0.40836359675487766], [0.5888020461850829, 0.40454689000200317], [0.6097113379034295, 0.4110006396968781], [0.6245643686114772, 0.4296229450385345]], 

'nose': [[0.526088502112167, 0.4576118532416559], [0.5264787704841808, 0.48222145036787656], [0.5270829620481766, 0.5064750994204498], [0.5276210420299321, 0.5310930122892388], [0.5037511744986409, 0.5604349908732064], [0.516111825703847, 0.5632802893475917], [0.5289819661676484, 0.5659563010213758], [0.5417120249473601, 0.562042986867438], [0.5538081298060831, 0.5579404967141789]], 

'right_eye': [[0.45156218853298585, 0.4696588971243213], [0.4640782955442807, 0.45952608383821303], [0.47905214027515797, 0.4583084133688651], [0.49266498228312283, 0.4681415836836414], [0.47894468573566423, 0.4733627460101283], [0.4645479349643483, 0.4745980481398359]], 
'left_eye': [[0.5605897464645352, 0.46471454519764704], [0.5736072413151192, 0.45348135818215274], [0.58886099937037, 0.4530032649000813], [0.6020753001284049, 0.4620214352902888], [0.5893237661578337, 0.46842921502681906], [0.5745622800591252, 0.4686434811360202]], 

'lip': [[0.4856272421823872, 0.6214797997394197], [0.5000282508425096, 0.6066424384431989], [0.5158020428608495, 0.597694089809035], [0.5299413628179832, 0.600075573693342], [0.5440421474525966, 0.5960739583554309], [0.5607736929762621, 0.6033472135261173], [0.5762427887570244, 0.616368790044159], [0.5618854448894945, 0.6313054258753711], [0.546136914439644, 0.639357331745379], [0.5312372755662046, 0.6417325478649551], [0.516399890456288, 0.6411817085049978], [0.5003830558587594, 0.6350508058466282], [0.4933512525123831, 0.6204116697541273], [0.5151392838934384, 0.6129561159794625], [0.5302563037074879, 0.6125694768146863], [0.5457900822487431, 0.611083578401487], [0.5683874554202487, 0.6160964947210672], [0.5462510772972405, 0.6190294085449872], [0.5307004243711515, 0.6213801060833825], [0.5151861492467447, 0.6212012747535104]]}, 
'score': 0.9976720213890076, 'class_idx': 0, 'x': 0.37721297740936277, 'y': 0.3592876752217611, 'w': 0.2996456384658813, 'h': 0.39952751795450847, 
'pitch': -0.0942203626036644, 'yaw': 0.014967143535614014, 'roll': 0.03798501193523407}]}}